8
2
4
1
9,998
0,1745
19,99695
0,349
14,386798
13,893
7,193399
6,94658
4
2
6,9465849
7,1933968
13,89
14,3868
0,3490549
19,9969
0,1745
9,9985
4
1
-0,17452
9,998477
-0,349
19,9969
-13,8931
14,3868
-6,9466
7,1934
4
2
-7,19339457
6,946587257
-14,3868
13,893
-19,9969
0,34906
-9,9985
0,17453
4
1
-9,998477
-0,1745
-19,9969
-0,349
-14,3868
-13,893
-7,1934
-6,9466
4
2
-6,946589
-7,19339
-13,89
-14,387
-0,349
-19,9969
-0,1745
-9,9985
4
1
0,174514
-9,998477
0,349
-19,9969
13,89315
-14,3868
6,9466
-7,1934
4
2
7,19339
-6,94659
14,3868
-13,89
19,9969
-0,349
9,9985
-0,1745
