89
8
9
1
1823,71
2008,1
1825,58
2004,92
1887,79
2010,14
2073,09
2086,3
2083,74
2136,98
2079,17
2167,39
2057,95
2173,27
1890,2
2090,76
1860,86
2062,914
5
1
1891,38
2118,3
1897,84
2113,26
2060,61
2196,76
1999,88
2250,97
1944,86
2196,63
8
1
2060,64
2057,63
2054,12
2060,68
1909,04
1997,99
1857,73
1993,78
1842,17
1746,14
1895,14
1723,7
1939,66
1766,82
1981,61
1849,09
8
1
1967,54
1658,53
1977,03
1658,53
2084,63
1750,76
2222,43
1685,56
2244,63
1739,98
1999,37
1839,49
1951,38
1745,79
1911,97
1712,16
6
2
1569,17
1902,79
1800,66
2009,74
1842,78
2081
1652,23
2068,2
1652,23
2032,53
1541,02
2008,57
9
2
2365,05
2269,7
2363,79
2263,95
2398,7
2172,59
2402,97
2152,74
2395,92
2080,14
2403,43
2059,92
2486,69
2086,17
2529,42
2116,03
2416
2299,9
4
2
1986,06
1650,4
2164,79
1544,24
2217,35
1673,1
2091,12
1732,43
6
2
1584,19
1318,27
1597,68
1314,57
1644,94
1398,08
1957,39
1651,66
1903,01
1704,13
1708,52
1537,39
6
2
1111,95
1708,23
1152,68
1584,76
1386,6
1671,77
1616,77
1795,56
1566,33
1879,14
1347,44
1774,29
5
3
646,63
1832,36
881,29
1739,92
1047,79
1833,8
1027,68
1949,95
736,62
2031,37
5
3
662,26
1647,29
685,55
1353,23
752,69
1318,2
910,98
1457,69
776,79
1657,93
8
3
1518,13
1201,88
1685,63
1155,61
1725,16
1279,61
1871,98
1239,35
1898,67
1338,36
1654,87
1374,43
1596,59
1296,2
1575,02
1302,12
7
3
2557,39
1848,61
2568,3
1843,05
2601,94
1858,88
2677,28
2103,41
2675,85
2146,51
2654,24
2176,56
2503,94
2076,92
8
3
2431,49
2309,08
2544,35
2126,11
2675,67
2212,11
2672,79
2299,62
2650,14
2371,5
2609,3
2431,26
2548,53
2381,91
2515,25
2358,72
6
3
2422,93
2327,25
2505,06
2375,93
2535,92
2397,43
2597,97
2447,83
2579,3
2475,25
2403,66
2353,98
4
4
399,18
1609,13
412,15
1411,56
671,8
1356,63
644,42
1644,79
7
4
1397,64
989,56
1411,74
946,64
1741,57
799,29
1867,35
1221,95
1737,06
1257,68
1696,09
1125,87
1502,28
1173,95
8
4
2623,31
2442,65
2689,3
2346,64
2693,17
2227,58
2696,59
2225,8
2811,64
2301,13
2783,33
2406,06
2768,8
2526,39
2747,15
2543,22
5
4
2611,99
2459,22
2737,64
2557,39
2732,06
2572,48
2572,14
2521,08
2571,43
2518,54
8
4
2345,1
2447,05
2394,3
2369,17
2570,2
2488,45
2540,51
2528,63
2730,19
2584,9
2755,1
2642,79
2699,49
2725,45
2538,6
2566,57
12
5
254,4
766,08
520,06
612,48
655,87
560,89
665,06
588,16
641,15
660,14
633,34
895,8
576,79
916,26
638,96
1083,34
636,29
1091,31
604,72
1081,47
339,01
962,4
325,99
939,93
5
5
2580,22
1124,65
2605,68
822,36
2850,21
1135,3
2776,34
1328,35
2659,35
1183,58
7
5
2956,08
2040,61
3087,96
1827,08
3081,24
1804,49
3030,59
1729,47
3144,9
1652,37
3131,84
1854,61
3037,29
2102,37
7
6
612,02
923,88
650,92
908,54
658,77
685,26
670,84
634,29
685,74
625,22
980,56
980,81
669,71
1101,71
7
6
2719,35
400,34
2881,33
389,13
3150,7
564,93
3174,43
610,63
2891,17
1049,22
2906,02
694,92
2730,5
463,91
6
7
2845,25
2290,59
2896,15
2182,2
2894,19
2141,24
2951,51
2047,36
3033,85
2110,89
2919,33
2326,09
11
7
2980,05
2346,37
3192,27
1930
3232,9
1945,43
3309,92
2115,18
3127,93
2137,84
3079,12
2224,38
3270,01
2287,93
3368,63
2244,58
3516,14
2422,39
3288,84
2450,95
3131,72
2419,37
5
8
1117,67
509,69
1490,6
486,97
1608,19
454,12
1662,12
556,92
1292,61
806,08
7
8
2628,12
562,49
2676,22
401,81
2695,66
400,93
2702,68
455,99
2846,15
645,08
2837,45
650,49
2669,38
561,54
4
8
3276,06
783,93
3719,28
979,04
3632,23
1116,27
3322,4
988,99
7
8
2802,07
1338,23
2827,17
1287,74
2872,18
1150,88
3089,68
1317,3
3141,68
1484,73
3138,94
1632,37
3023,22
1710,27
6
8
2820,04
2355,85
2833,36
2320,11
2901,67
2353,12
2805,57
2579,73
2796,3
2576,1
2790,74
2535,73
10
4
1773,36
787,14
1797,29
778,74
1813,6
817,12
1908,37
781,33
1962,68
948,14
2011,34
932,67
2040,63
895,32
2217,5
898,4
2054,55
1270,46
1895,97
1212,85
7
4
2242,75
898,88
2278,51
899,52
2281,41
985,34
2366,93
1018,47
2556,86
1141,39
2428,15
1406,16
2073,39
1277,3
6
4
2574,64
1152,9
2635,47
1192,27
2727,45
1305,44
2764,67
1362,82
2586,61
1676,19
2489,61
1325,42
5
4
2772,18
1374,4
3039,12
1785,9
3044,77
1861,22
3016,32
1903,64
2599,17
1682,84
7
4
2603,78
1726,84
3001,73
1925,39
2833,4
2176,33
2865,93
2193
2819,04
2284,46
2694,9
2203,18
2697,11
2063,84
10
4
303,4
1168,34
333,93
985,69
584,72
1095,05
646,98
1109,55
731,66
1298,9
696,1
1320,16
390,89
1396,18
227,1
1291,97
102,24
1297,77
117,97
1259,94
4
4
677,47
1135,09
939,27
1036,98
990,06
1108,85
745,8
1290,01
5
4
763,55
1311,75
1010,07
1137,21
1074,14
1236,46
1016,34
1267,66
871,63
1403,74
6
4
1028,06
1127,86
1316,96
990,12
1368,07
1006,34
1470,82
1187,71
1274,18
1298,15
1163,92
1345,33
6
3
808,24
1660,39
931,39
1476,58
978,1
1519,8
1140,23
1580,13
1100,18
1705,65
936,48
1668,55
5
3
886,1
1418,26
1038,93
1278,77
1086,07
1254,4
1153,01
1357,94
989,23
1507,89
7
3
1011,11
1515,89
1166,51
1337,4
1255,99
1475,15
1256,78
1523,56
1217,86
1574,31
1149,37
1552,75
1145,43
1565
6
3
1186,07
1367,26
1288,3
1324,74
1488,53
1216,77
1543,68
1315,8
1331,62
1462
1272,01
1462,6
4
5
1504,63
693,95
1676,4
576,83
1737,67
783,83
1577,16
852,85
6
5
1695,25
563,98
1845,44
509,73
1905,44
772,44
1831,07
801,16
1811,26
752,18
1760,9
773,84
5
5
1865,78
505,68
1910,59
496,77
2194,89
539,15
2250,64
785,58
1921,9
765,64
5
5
2219,62
542,84
2334,19
584,95
2605,83
586,21
2588,8
797,07
2272,13
786,29
6
5
2625,57
586,3
2665,44
586,49
2811,06
651,83
2881,94
701,98
2852,2
1106,51
2607,83
796,87
6
5
1926,54
779,7
2254,39
802,17
2273,38
886,07
2035,46
878,19
2001,77
919,64
1974,92
928,86
4
5
2310,94
966,21
2275,7
802,85
2587,42
814,16
2563,35
1112,26
5
6
701,1
592,19
692,52
541,11
1090,37
517,52
1261,43
817,38
1006,93
969,31
5
6
1010,99
1097,51
961,75
1029,37
1273,2
841,83
1318,06
920,21
1304,03
960,85
5
8
1306,02
825,97
1487,7
703,99
1555,59
855,09
1397,09
919,44
1350,97
904,96
7
6
3188,07
637,7
3232,6
724,4
3296,75
1003,52
3367,15
1208,83
3035,93
1255,89
2887,46
1135,81
2891,41
1089,3
4
6
3329,1
1016,73
3621,01
1136,02
3592,36
1176,83
3398,45
1203,35
5
6
3161,45
1490,75
3111,44
1316,63
3047,13
1264,9
3452,59
1211,13
3151,63
1721,76
3
7
3236,91
1890,42
3497,87
1976,75
3436,39
2289,21
5
7
3519,84
1983,35
3789,88
2087,72
3609,49
2410,66
3551,71
2419,8
3453,07
2308,25
4
7
3206,03
1858,75
3349,37
1544,94
3465,15
1660,22
3577
1972,05
6
7
3808,57
2060,89
3608,4
1983,18
3561,21
1852,27
3690,82
1831,59
3753,83
1693,38
3950,52
1767,42
7
7
3360,95
1527,44
3480,72
1378,12
3659,01
1657,69
3730,36
1685,91
3678,23
1810,7
3553,66
1831,32
3484,64
1639,82
6
2
1241,51
1596,47
1336,16
1483,16
1553,6
1323,26
1608,3
1429,66
1424,71
1633,46
1378,79
1647,53
5
2
1431,96
1672,03
1618,7
1447,99
1671,39
1540,84
1767,23
1619,1
1625,35
1776,14
6
2
1578,2
1882,89
1782,31
1631,99
1884,75
1715,07
1830,24
1738,13
1845,72
1992,65
1803,49
1988,91
6
3
584,94
1669,81
879,56
1697,08
1087,84
1738,7
1052,46
1822,71
887,5
1726,22
641,48
1820,98
4
3
1059,79
1840,73
1508,93
2080,6
1442,04
2174,1
1040,47
1946,72
5
3
1062,99
1828,62
1099,85
1741,1
1344,85
1794,28
1558,18
1897,41
1513,36
2066,22
8
3
1537,94
2020,17
1640,23
2044,56
1640,23
2080,24
1760,25
2088,92
1734,15
2184,68
1588,35
2223,64
1452,84
2178,96
1523,89
2072,97
10
4
1968,25
2396,93
2006
2458,39
2121,42
2517,05
2150,89
2454,3
2217,72
2412,56
2414,36
2507,27
2378,95
2558,01
2065,32
2670,22
2004,58
2556,64
1935,01
2560,38
5
4
2443,96
2527,77
2530,32
2582,68
2685,24
2740,44
2645,16
2780,46
2411,46
2574,34
9
4
1387,05
2343,29
1447,55
2192,15
1597,09
2234,39
1757,48
2249,23
1797,42
2278,93
1545,27
2563,48
1445,58
2552,52
1381,48
2504,03
1460,26
2399,24
7
4
1619,84
2493,24
1798,27
2291,79
1912,66
2306,4
1952,16
2370,79
1910,47
2590,06
1702,71
2543,69
1664,59
2558,62
6
4
853,17
2187,45
927,47
2126,31
1013,86
2110,64
1230,73
2276,94
988,95
2327,08
903,82
2264,8
7
4
756,15
2039,24
1034,69
1959,09
1377,82
2154,71
1237,65
2271,19
1024,6
2098,31
918,61
2117,66
848,31
2180,02
6
4
1007,07
2339,44
1232,3
2295,71
1388,61
2160,86
1436,29
2188,04
1363,67
2363,72
1170,86
2460,16
7
3
2440,29
1426,94
2473,37
1416,92
2597,47
1843,51
2520,68
1807,37
2490,46
1781,23
2376,28
1623,8
2363,87
1580,79
6
3
1904,57
1237,25
2419,36
1424,25
2345,66
1572,48
2193,72
1503,27
2038,97
1365,96
1928,75
1334,68
11
2
1772,45
2089,8
1858,6
2096,02
1937,56
2213,59
1987,16
2262,3
1962,33
2284,44
1958,42
2358,18
1921,47
2297,45
1807,06
2277,18
1762,62
2243,04
1648,59
2221,03
1742,96
2193,59
8
2
1995,77
2270,7
2065,31
2334,11
2189,26
2398,47
2138,56
2448,27
2115,11
2498,14
2010,42
2443,64
1970,27
2377,65
1972,64
2291,31
11
2
2035,44
2235,35
2078,22
2258,51
2089,51
2262,57
2253,16
2293,86
2238,11
2336,22
2311,57
2367,29
2355,1
2286,87
2405,48
2316,91
2330,18
2438,63
2199,69
2388,22
2068,79
2316,64
8
1
2101,51
2113,06
2090,21
2080,27
2223,8
2067,86
2376,17
2085,28
2383,99
2153,56
2348,72
2261,36
2205,27
2219,32
2222,4
2164,07
9
2
2175,22
1538,04
2180,78
1534,74
2314,83
1595,8
2362,01
1630,49
2457
1756,72
2444,81
1770,95
2256
1679,58
2241,03
1661,98
2227,97
1668,11
5
2
2237,08
1689,7
2242,62
1686,43
2473,88
1798,36
2480,81
1812,69
2358,64
1987,7
6
2
2492,47
1820,45
2515,56
1818,23
2540,8
1830,1
2546,55
1841,37
2492,95
2071,81
2347,81
2027,72
5
1
2003,62
1850,71
2113,08
1807,72
2223,27
2032,08
2180,19
2059,86
2086,19
2068,6
6
1
2126,1
1802,44
2249,17
1751,1
2350,47
1999,43
2308,87
2033,72
2278,37
2037,23
2237,56
2029,76
5
1
2041,74
2229,74
2072,12
2202,67
2263,9
2255,18
2252,89
2283,51
2092,83
2253,22
